01010000
01010001
00000000
00000000
00000000
00000000
00000000
00000000
00000000
00000000
00000000
01010000
01010000
00000000
00000000
00000000
00000000
00000000
01010000
01010000
01010000
01010000
00000000
00000000
00000000
01010000
01010000
01010000
01010000
01010000
01010000
00000000
00000000
01010000
01010000
01010000
01010000
01010000
01010000
00000000
00000000
00000000
01010000
01010000
01010000
01010000
00000000
00000000
00000000
00000000
00000000
01010000
01010000
00000000
00000000
00000000
00000000
00000000
00000000
00000000
00000000
00000000
00000000
00000000
